 1113
 1312
 912
 0
 1344
 928
 0
 1312
 880
 0
 1344
 896
 0
 1376
 912
 0
 1312
 848
 0
 1344
 864
 0
 1376
 880
 0
 1312
 816
 0
 1344
 832
 0
 1376
 848
 0
 1312
 784
 0
 1344
 800
 0
 1376
 816
 0
 1312
 752
 0
 1344
 768
 0
 1376
 784
 0
 1312
 720
 0
 1344
 736
 0
 1376
 752
 0
 1344
 704
 0
 1376
 720
 0
 1376
 656
 0
 1312
 656
 0
 1344
 672
 0
 1376
 688
 0
 1280
 608
 0
 1312
 624
 0
 1344
 640
 0
 1344
 608
 0
 1312
 592
 0
 1280
 576
 0
 1248
 592
 0
 1248
 560
 0
 1216
 576
 0
 1184
 560
 0
 1120
 560
 0
 1056
 752
 0
 1056
 784
 0
 1056
 816
 0
 1056
 848
 0
 1024
 896
 0
 1024
 928
 0
 1056
 944
 0
 1056
 912
 0
 1088
 928
 0
 1280
 896
 0
 1248
 912
 0
 1056
 880
 0
 1088
 896
 0
 1120
 912
 0
 1280
 864
 0
 1248
 880
 0
 1216
 896
 0
 1088
 864
 0
 1120
 880
 0
 1152
 896
 0
 1184
 912
 0
 1088
 832
 0
 1120
 848
 0
 1152
 864
 0
 1184
 880
 0
 1280
 800
 0
 1088
 800
 0
 1120
 816
 0
 1280
 768
 0
 1248
 784
 0
 1088
 768
 0
 1120
 784
 0
 1152
 800
 0
 1184
 784
 0
 1152
 768
 0
 1056
 688
 0
 1088
 704
 0
 1120
 720
 0
 1056
 720
 0
 1088
 736
 0
 1120
 752
 0
 1312
 688
 0
 1280
 704
 0
 1280
 672
 0
 1248
 688
 0
 1120
 688
 0
 1152
 704
 0
 1280
 640
 0
 1248
 656
 0
 1216
 672
 0
 1184
 688
 0
 1152
 576
 0
 1184
 592
 0
 1216
 608
 0
 1248
 624
 0
 1216
 640
 0
 1184
 656
 0
 1152
 672
 0
 1184
 624
 0
 1152
 640
 0
 1120
 656
 0
 1088
 672
 0
 1120
 592
 0
 1152
 608
 0
 1120
 624
 0
 1088
 640
 0
 1056
 656
 0
 1088
 608
 0
 960
 768
 0
 928
 784
 0
 960
 800
 0
 896
 800
 0
 928
 816
 0
 960
 832
 0
 864
 816
 0
 832
 832
 0
 800
 848
 0
 896
 832
 0
 928
 848
 0
 864
 848
 0
 832
 864
 0
 800
 880
 0
 896
 864
 0
 928
 880
 0
 960
 896
 0
 992
 912
 0
 864
 880
 0
 896
 896
 0
 832
 896
 0
 864
 912
 0
 800
 912
 0
 832
 928
 0
 928
 912
 0
 896
 928
 0
 864
 944
 0
 832
 960
 0
 960
 928
 0
 928
 944
 0
 896
 960
 0
 864
 976
 0
 992
 944
 0
 960
 960
 0
 928
 976
 0
 896
 992
 0
 1024
 960
 0
 992
 976
 0
 960
 992
 0
 928
 1008
 0
 960
 1024
 0
 992
 1040
 0
 1024
 1056
 0
 1088
 960
 0
 1056
 976
 0
 1024
 992
 0
 992
 1008
 0
 1024
 1024
 0
 1056
 1040
 0
 1088
 1056
 0
 1184
 976
 0
 1120
 976
 0
 1152
 992
 0
 1088
 992
 0
 1120
 1008
 0
 1056
 1008
 0
 1088
 1024
 0
 1120
 1040
 0
 1152
 1056
 0
 1248
 976
 0
 1312
 1040
 0
 1280
 1056
 0
 1280
 992
 0
 1312
 1008
 0
 1344
 1024
 0
 1376
 1040
 0
 1312
 976
 0
 1344
 992
 0
 1376
 1008
 0
 1408
 1024
 0
 1344
 960
 0
 1376
 976
 0
 1408
 992
 0
 1440
 1008
 0
 1376
 944
 0
 1408
 960
 0
 1440
 976
 0
 1472
 992
 0
 1600
 928
 0
 1568
 944
 0
 1536
 960
 0
 1408
 928
 0
 1440
 944
 0
 1472
 960
 0
 1504
 976
 0
 1344
 576
 0
 1312
 560
 0
 1056
 560
 0
 1088
 576
 0
 1024
 576
 0
 1056
 592
 0
 1024
 608
 0
 1056
 624
 0
 928
 752
 0
 960
 704
 0
 928
 720
 0
 896
 736
 0
 928
 688
 0
 896
 704
 0
 768
 672
 0
 800
 688
 0
 832
 704
 0
 864
 720
 0
 960
 640
 0
 928
 656
 0
 896
 672
 0
 800
 656
 0
 832
 672
 0
 864
 688
 0
 800
 624
 0
 832
 640
 0
 864
 656
 0
 992
 592
 0
 960
 608
 0
 928
 624
 0
 800
 592
 0
 832
 608
 0
 864
 624
 0
 896
 640
 0
 832
 576
 0
 864
 592
 0
 896
 608
 0
 832
 544
 0
 864
 560
 0
 896
 576
 0
 928
 592
 0
 864
 528
 0
 896
 544
 0
 928
 560
 0
 960
 576
 0
 896
 512
 0
 928
 528
 0
 960
 544
 0
 992
 560
 0
 928
 496
 0
 960
 512
 0
 992
 528
 0
 1024
 544
 0
 1024
 448
 0
 992
 464
 0
 960
 480
 0
 992
 496
 0
 1024
 512
 0
 1056
 528
 0
 1024
 480
 0
 1056
 496
 0
 1088
 512
 0
 1120
 432
 0
 1088
 448
 0
 1056
 464
 0
 1088
 480
 0
 1120
 496
 0
 1248
 432
 0
 1312
 432
 0
 1280
 448
 0
 1248
 496
 0
 1376
 432
 0
 1344
 448
 0
 1312
 464
 0
 1280
 480
 0
 1408
 448
 0
 1376
 464
 0
 1344
 480
 0
 1312
 496
 0
 1440
 464
 0
 1408
 480
 0
 1376
 496
 0
 1344
 512
 0
 1376
 560
 0
 1376
 592
 0
 1376
 624
 0
 1632
 880
 0
 1600
 896
 0
 1568
 912
 0
 1536
 928
 0
 1440
 912
 0
 1472
 928
 0
 1504
 944
 0
 1472
 896
 0
 1504
 912
 0
 1632
 848
 0
 1600
 864
 0
 1568
 880
 0
 1472
 864
 0
 1504
 880
 0
 1536
 896
 0
 1632
 816
 0
 1600
 832
 0
 1568
 848
 0
 1472
 832
 0
 1504
 848
 0
 1536
 864
 0
 1600
 800
 0
 1568
 816
 0
 1472
 800
 0
 1504
 816
 0
 1536
 832
 0
 1568
 784
 0
 1472
 768
 0
 1504
 784
 0
 1536
 800
 0
 1472
 736
 0
 1504
 752
 0
 1536
 768
 0
 1472
 704
 0
 1504
 720
 0
 1536
 736
 0
 1664
 672
 0
 1632
 688
 0
 1600
 704
 0
 1472
 672
 0
 1504
 688
 0
 1536
 704
 0
 1568
 720
 0
 1632
 624
 0
 1664
 640
 0
 1600
 640
 0
 1632
 656
 0
 1568
 656
 0
 1600
 672
 0
 1536
 672
 0
 1568
 688
 0
 1408
 608
 0
 1440
 624
 0
 1472
 640
 0
 1504
 656
 0
 1632
 592
 0
 1600
 608
 0
 1568
 624
 0
 1536
 640
 0
 1600
 576
 0
 1568
 592
 0
 1536
 608
 0
 1408
 576
 0
 1440
 592
 0
 1472
 608
 0
 1504
 624
 0
 1600
 544
 0
 1568
 560
 0
 1536
 576
 0
 1504
 592
 0
 1376
 528
 0
 1408
 544
 0
 1440
 560
 0
 1472
 576
 0
 1152
 736
 2
 1280
 512
 0
 1216
 512
 0
 1152
 512
 0
 1088
 544
 1
 1120
 528
 1
 1344
 544
 1
 1312
 528
 1
 1280
 544
 1
 1248
 528
 1
 1216
 544
 1
 1184
 528
 1
 1152
 544
 1
 992
 656
 1
 992
 688
 1
 992
 752
 1
 992
 784
 1
 992
 816
 1
 992
 848
 1
 1408
 640
 1
 1408
 672
 1
 1440
 688
 1
 1440
 720
 1
 1408
 736
 1
 1440
 752
 1
 1408
 768
 1
 1440
 784
 1
 1440
 816
 1
 1408
 832
 1
 1440
 848
 1
 1408
 864
 1
 1440
 880
 1
 1120
 944
 1
 1152
 960
 1
 1184
 944
 1
 1216
 928
 1
 1248
 944
 1
 1216
 960
 1
 1152
 928
 1
 1280
 928
 1
 1280
 960
 1
 1312
 944
 1
 1440
 656
 1
 1408
 704
 1
 1024
 640
 1
 1024
 672
 1
 1024
 704
 1
 1024
 736
 1
 1024
 768
 1
 1024
 800
 1
 1024
 832
 1
 992
 720
 1
 1408
 800
 1
 992
 624
 0
 960
 672
 0
 960
 736
 0
 960
 864
 0
 1408
 896
 0
 992
 880
 0
 1024
 864
 0
 864
 496
 1
 896
 480
 1
 928
 464
 1
 960
 448
 1
 1056
 432
 1
 992
 432
 1
 864
 464
 1
 832
 480
 1
 832
 512
 1
 800
 528
 1
 800
 560
 1
 768
 576
 1
 736
 592
 1
 768
 608
 1
 736
 624
 1
 768
 640
 1
 736
 688
 1
 736
 656
 1
 768
 832
 1
 768
 864
 1
 768
 896
 1
 768
 928
 1
 800
 944
 1
 864
 1008
 1
 896
 1024
 1
 928
 1040
 1
 960
 1056
 1
 1056
 1072
 1
 1120
 1072
 1
 1344
 1056
 1
 1312
 1072
 1
 1376
 1072
 1
 1408
 1056
 1
 1280
 1088
 1
 1152
 1088
 1
 1088
 1088
 1
 992
 1072
 1
 928
 1072
 1
 1024
 1088
 1
 960
 1088
 1
 1344
 416
 1
 1408
 416
 1
 1440
 432
 1
 1472
 448
 1
 1632
 560
 1
 1664
 608
 1
 1696
 656
 1
 1664
 832
 1
 1696
 848
 1
 1664
 864
 1
 1664
 896
 1
 1632
 912
 1
 1664
 928
 1
 1632
 944
 1
 1600
 960
 1
 1568
 976
 1
 1504
 1040
 1
 1440
 1072
 1
 1440
 1040
 1
 1472
 1024
 1
 1504
 1008
 1
 1536
 992
 1
 1536
 1024
 1
 1504
 1072
 1
 1472
 1056
 1
 896
 1056
 1
 864
 1040
 1
 832
 1056
 1
 832
 1024
 1
 800
 1040
 1
 768
 1056
 1
 768
 960
 1
 800
 976
 1
 832
 992
 1
 736
 976
 1
 768
 992
 1
 800
 1008
 1
 736
 1008
 1
 768
 1024
 1
 736
 1040
 1
 736
 944
 1
 736
 912
 1
 736
 880
 1
 736
 848
 1
 736
 816
 1
 768
 544
 1
 736
 560
 1
 800
 496
 1
 768
 512
 1
 800
 464
 1
 768
 480
 1
 768
 448
 1
 736
 432
 1
 768
 320
 1
 800
 432
 1
 832
 448
 1
 928
 432
 1
 896
 448
 1
 864
 432
 1
 960
 416
 1
 1440
 400
 1
 1376
 400
 1
 1312
 400
 1
 1280
 416
 1
 1248
 400
 1
 1120
 400
 1
 1088
 416
 1
 1056
 400
 1
 1024
 416
 1
 992
 400
 1
 928
 400
 1
 896
 416
 1
 832
 416
 1
 768
 416
 1
 960
 320
 1
 928
 336
 1
 960
 384
 1
 960
 352
 1
 992
 368
 1
 1024
 384
 1
 1024
 352
 1
 1056
 368
 1
 1088
 384
 1
 1120
 336
 1
 1088
 352
 1
 1120
 368
 1
 1216
 320
 1
 1184
 336
 1
 1152
 352
 1
 1280
 320
 1
 1248
 336
 1
 1216
 352
 1
 1248
 368
 1
 1280
 384
 1
 1312
 336
 1
 1280
 352
 1
 1312
 368
 1
 1344
 384
 1
 1344
 352
 1
 1376
 368
 1
 1408
 384
 1
 1472
 384
 1
 1504
 400
 1
 1472
 416
 1
 1504
 432
 1
 1568
 400
 1
 1536
 416
 1
 1600
 416
 1
 1568
 432
 1
 1632
 432
 1
 1600
 448
 1
 1664
 448
 1
 1632
 464
 1
 1664
 480
 1
 1664
 512
 1
 1632
 528
 1
 1696
 528
 1
 1664
 544
 1
 1696
 560
 1
 1664
 576
 1
 1696
 592
 1
 1696
 624
 1
 1856
 672
 1
 1728
 672
 1
 1824
 688
 1
 1856
 704
 1
 1760
 688
 1
 1792
 704
 1
 1824
 720
 1
 1856
 736
 1
 1824
 752
 1
 1856
 768
 1
 1792
 768
 1
 1824
 784
 1
 1856
 800
 1
 1760
 784
 1
 1728
 800
 1
 1696
 816
 1
 1792
 800
 1
 1824
 816
 1
 1856
 832
 1
 1760
 816
 1
 1728
 832
 1
 1792
 832
 1
 1824
 848
 1
 1856
 864
 1
 1760
 848
 1
 1728
 864
 1
 1696
 880
 1
 1792
 864
 1
 1824
 880
 1
 1856
 896
 1
 1760
 880
 1
 1728
 896
 1
 1696
 912
 1
 1792
 896
 1
 1824
 912
 1
 1856
 928
 1
 1760
 912
 1
 1728
 928
 1
 1792
 928
 1
 1824
 944
 1
 1856
 960
 1
 1760
 944
 1
 1792
 960
 1
 1824
 976
 1
 1856
 992
 1
 1792
 992
 1
 1824
 1008
 1
 1856
 1024
 1
 1792
 1024
 1
 1824
 1040
 1
 1856
 1056
 1
 1792
 1056
 1
 1824
 1072
 1
 1856
 1088
 1
 1760
 1072
 1
 1792
 1088
 1
 1824
 1104
 1
 1792
 1120
 1
 1760
 1136
 1
 1728
 1088
 1
 1760
 1104
 1
 1696
 1104
 1
 1728
 1120
 1
 1696
 1136
 1
 1664
 1152
 1
 1664
 1120
 1
 1632
 1136
 1
 1600
 1152
 1
 1568
 1168
 1
 1536
 1088
 1
 1568
 1104
 1
 1600
 1120
 1
 1632
 1104
 1
 1664
 1088
 1
 1760
 1040
 1
 1728
 1056
 1
 1696
 1072
 1
 1760
 1008
 1
 1696
 944
 1
 1728
 960
 1
 1760
 976
 1
 1664
 960
 1
 1696
 976
 1
 1728
 992
 1
 1632
 976
 1
 1600
 992
 1
 1568
 1008
 1
 1664
 992
 1
 1696
 1008
 1
 1728
 1024
 1
 1632
 1008
 1
 1664
 1024
 1
 1696
 1040
 1
 1600
 1024
 1
 1632
 1040
 1
 1664
 1056
 1
 1568
 1040
 1
 1600
 1056
 1
 1632
 1072
 1
 1536
 1056
 1
 1568
 1072
 1
 1600
 1088
 1
 1472
 1088
 1
 1440
 1168
 1
 1408
 1088
 1
 1440
 1104
 1
 1408
 1152
 1
 1376
 1168
 1
 1344
 1088
 1
 1376
 1104
 1
 1408
 1120
 1
 1312
 1104
 1
 1344
 1120
 1
 1376
 1136
 1
 1280
 1120
 1
 1312
 1136
 1
 1344
 1152
 1
 1312
 1168
 1
 1504
 1104
 1
 1536
 1120
 1
 1568
 1136
 1
 1472
 1120
 1
 1504
 1136
 1
 1536
 1152
 1
 1440
 1136
 1
 1472
 1152
 1
 1504
 1168
 1
 1248
 1136
 1
 1280
 1152
 1
 1216
 1152
 1
 1248
 1168
 1
 1184
 1168
 1
 1216
 1184
 1
 1120
 1104
 1
 1152
 1120
 1
 1184
 1136
 1
 1152
 1152
 1
 1120
 1168
 1
 1056
 1104
 1
 1088
 1120
 1
 1120
 1136
 1
 1088
 1152
 1
 1056
 1168
 1
 992
 1104
 1
 1024
 1120
 1
 1056
 1136
 1
 1024
 1152
 1
 992
 1168
 1
 992
 1136
 1
 960
 1152
 1
 928
 1168
 1
 960
 1120
 1
 864
 1072
 1
 896
 1088
 1
 928
 1104
 1
 800
 1072
 1
 928
 1136
 1
 896
 1152
 1
 864
 1168
 1
 832
 1088
 1
 864
 1104
 1
 896
 1120
 1
 864
 1136
 1
 832
 1120
 1
 736
 1072
 1
 768
 1088
 1
 800
 1104
 1
 768
 1120
 1
 736
 1104
 1
 704
 1120
 1
 704
 1088
 1
 672
 1104
 1
 640
 1120
 1
 544
 1072
 1
 704
 1056
 1
 672
 1072
 1
 640
 1088
 1
 544
 1040
 1
 576
 1056
 1
 608
 1072
 1
 704
 1024
 1
 672
 1040
 1
 640
 1056
 1
 576
 1024
 1
 608
 1040
 1
 704
 992
 1
 672
 1008
 1
 640
 1024
 1
 544
 976
 1
 576
 992
 1
 608
 1008
 1
 704
 960
 1
 672
 976
 1
 640
 992
 1
 576
 960
 1
 608
 976
 1
 704
 928
 1
 672
 944
 1
 640
 960
 1
 544
 912
 1
 576
 928
 1
 608
 944
 1
 704
 896
 1
 672
 912
 1
 640
 928
 1
 576
 896
 1
 608
 912
 1
 704
 864
 1
 672
 880
 1
 640
 896
 1
 576
 864
 1
 608
 880
 1
 704
 832
 1
 672
 848
 1
 640
 864
 1
 576
 832
 1
 608
 848
 1
 704
 800
 1
 672
 816
 1
 640
 832
 1
 576
 800
 1
 608
 816
 1
 672
 784
 1
 640
 800
 1
 576
 768
 1
 608
 784
 1
 640
 768
 1
 576
 736
 1
 608
 752
 1
 704
 704
 1
 672
 720
 1
 640
 736
 1
 704
 672
 1
 704
 608
 1
 736
 528
 1
 704
 640
 1
 672
 656
 1
 640
 672
 1
 672
 688
 1
 608
 688
 1
 640
 704
 1
 576
 704
 1
 608
 720
 1
 672
 624
 1
 576
 608
 1
 608
 624
 1
 640
 640
 1
 576
 640
 1
 608
 656
 1
 704
 576
 1
 672
 592
 1
 576
 576
 1
 608
 592
 1
 640
 608
 1
 736
 496
 1
 736
 464
 1
 704
 544
 1
 672
 560
 1
 640
 576
 1
 608
 560
 1
 704
 512
 1
 672
 528
 1
 640
 544
 1
 544
 496
 1
 576
 512
 1
 608
 528
 1
 704
 480
 1
 672
 496
 1
 640
 512
 1
 576
 480
 1
 608
 496
 1
 704
 448
 1
 672
 464
 1
 640
 480
 1
 576
 448
 1
 608
 464
 1
 704
 416
 1
 672
 432
 1
 640
 448
 1
 576
 416
 1
 608
 432
 1
 640
 416
 1
 544
 368
 1
 576
 384
 1
 608
 400
 1
 608
 368
 1
 640
 384
 1
 672
 400
 1
 704
 320
 1
 672
 336
 1
 640
 352
 1
 736
 336
 1
 704
 352
 1
 672
 368
 1
 704
 384
 1
 736
 400
 1
 736
 368
 1
 768
 384
 1
 800
 400
 1
 832
 320
 1
 800
 336
 1
 768
 352
 1
 864
 336
 1
 896
 352
 1
 928
 368
 1
 832
 352
 1
 864
 368
 1
 896
 384
 1
 800
 368
 1
 832
 384
 1
 864
 400
 1
 1856
 640
 1
 1824
 656
 1
 1728
 640
 1
 1760
 656
 1
 1792
 672
 1
 1728
 608
 1
 1760
 624
 1
 1792
 640
 1
 1888
 592
 1
 1856
 608
 1
 1824
 624
 1
 1728
 576
 1
 1760
 592
 1
 1792
 608
 1
 1888
 560
 1
 1856
 576
 1
 1824
 592
 1
 1856
 544
 1
 1824
 560
 1
 1728
 544
 1
 1760
 560
 1
 1792
 576
 1
 1856
 512
 1
 1824
 528
 1
 1792
 544
 1
 1696
 496
 1
 1728
 512
 1
 1760
 528
 1
 1856
 480
 1
 1824
 496
 1
 1792
 512
 1
 1696
 464
 1
 1728
 480
 1
 1760
 496
 1
 1856
 448
 1
 1824
 464
 1
 1792
 480
 1
 1824
 432
 1
 1792
 448
 1
 1760
 464
 1
 1664
 416
 1
 1696
 432
 1
 1728
 448
 1
 1824
 400
 1
 1792
 416
 1
 1760
 432
 1
 1792
 384
 1
 1760
 400
 1
 1728
 416
 1
 1696
 336
 1
 1728
 352
 1
 1760
 368
 1
 1728
 384
 1
 1696
 400
 1
 1696
 368
 1
 1664
 384
 1
 1632
 400
 1
 1632
 368
 1
 1600
 384
 1
 1568
 304
 1
 1632
 336
 1
 1600
 352
 1
 1568
 368
 1
 1536
 384
 1
 1504
 304
 1
 1536
 320
 1
 1568
 336
 1
 1536
 352
 1
 1504
 368
 1
 1504
 336
 1
 1472
 352
 1
 1440
 368
 1
 1440
 304
 1
 1472
 320
 1
 1376
 304
 1
 1408
 320
 1
 1440
 336
 1
 1344
 320
 1
 1376
 336
 1
 1408
 352
 1
 1504
 560
 0
 1536
 544
 0
 1568
 528
 0
 1536
 512
 0
 1504
 496
 0
 1472
 480
 0
 1440
 496
 0
 1408
 512
 0
 1504
 528
 0
 1472
 512
 0
 1440
 528
 0
 1472
 544
 0
 1504
 464
 1
 1536
 480
 1
 1568
 496
 1
 1632
 496
 1
 1600
 512
 1
 1600
 480
 1
 1568
 464
 1
 1536
 448
 1
 1664
 352
 1
 1600
 320
 1
 1408
 288
 1
 1344
 288
 1
 1152
 256
 1
 1184
 272
 1
 1248
 272
 1
 1152
 320
 1
 1248
 304
 1
 1312
 304
 1
 1280
 288
 1
 1216
 288
 1
 1184
 304
 1
 1056
 336
 1
 1152
 288
 1
 960
 288
 1
 1024
 288
 1
 1088
 288
 1
 992
 336
 1
 1056
 304
 1
 1120
 304
 1
 1088
 320
 1
 1024
 320
 1
 992
 304
 1
 928
 304
 1
 896
 320
 1
 896
 256
 1
 960
 256
 1
 1024
 256
 1
 1088
 256
 1
 1120
 272
 1
 1056
 272
 1
 992
 272
 1
 928
 272
 1
 896
 288
 1
 864
 272
 1
 800
 304
 1
 864
 304
 1
 832
 288
 1
 768
 288
 1
 736
 304
 1
 800
 272
 1
 832
 256
 1
 768
 256
 1
 704
 256
 1
 544
 240
 1
 512
 256
 1
 672
 272
 1
 640
 288
 1
 736
 272
 1
 704
 288
 1
 672
 240
 1
 640
 256
 1
 608
 240
 1
 576
 256
 1
 608
 272
 1
 576
 320
 1
 576
 352
 1
 608
 336
 1
 640
 320
 1
 672
 304
 1
 608
 304
 1
 576
 288
 1
 544
 272
 1
 544
 400
 1
 512
 288
 1
 544
 304
 1
 512
 320
 1
 544
 336
 1
 512
 352
 1
 512
 384
 1
 512
 416
 1
 544
 432
 1
 512
 448
 1
 544
 464
 1
 512
 480
 1
 512
 512
 1
 512
 544
 1
 544
 816
 1
 544
 752
 1
 544
 688
 1
 576
 672
 1
 544
 656
 1
 544
 624
 1
 544
 528
 1
 576
 544
 1
 512
 608
 1
 512
 576
 1
 544
 560
 1
 544
 592
 1
 512
 640
 1
 512
 672
 1
 512
 704
 1
 544
 720
 1
 512
 736
 1
 512
 768
 1
 544
 784
 1
 512
 800
 1
 512
 832
 1
 544
 848
 1
 512
 864
 1
 544
 880
 1
 512
 896
 1
 512
 928
 1
 544
 944
 1
 512
 960
 1
 512
 992
 1
 544
 1008
 1
 512
 1024
 1
 512
 1056
 1
 512
 1088
 1
 544
 1104
 1
 512
 1120
 1
 544
 1136
 1
 608
 1104
 1
 576
 1088
 1
 576
 1120
 1
 800
 1136
 1
 832
 1152
 1
 800
 1168
 1
 768
 1152
 1
 736
 1136
 1
 672
 1136
 1
 608
 1136
 1
 576
 1152
 1
 608
 1168
 1
 704
 1152
 1
 736
 1168
 1
 672
 1168
 1
 640
 1152
 1
 0
 0
 1664
 704
 0
 1152
 384
 1
 704
 736
 2
 1184
 1104
 3
 1152
 832
 4
